Ρ10111011101. Τ111111110. 181

6. Kdyz byl 1110111101 0 upevnil 11111011001 11010001 1111510100
110111610110 1110101, 10110110111011011 od Κ111101110100011 se 1101,
duch a jazyk 01111 0 1101110 1010 1111111111 0051011110; 11101011 pak

11110111 11100 nedovedu 111111, jak 1011111 1110111 10110 1111101110 ,

11111111 11101 11111111 1111101111, 1101111 1111111111 1101110 111οἐ Kristu
v 0111001 10110 1111001111111. Abych ale 1 0100110 00111111 10110, od
10101101110011011111110 100111101011011 01001 11101 0101110101111011111

, 1 10111111010111111 15011110, 111100011 1011 11110 0100, 111010 0011

10110 dobroty 11111116 10511011. Νο1101 1111111011 01110111 01110101001 10
11110011111101 10011011 u 11111001οο111 jeho k 101111 0111011100 11111
1011 od 50011011, 10 11011101100 1110101100 10 11111111 0111111110·
1011111 hrozby 1111110111 evangeliu: 1001011100 nebudete souzeni;
nezavrhujte a nebudete 1011100111 (Luk. 6, 37). Ζο1110 0 111100100
od 110101111ῃο 1101101001 0 10101101050101111101101110111; 11101111,
’ vdovy‚ chude', 00111101101, 100101 00000101 11111 111011016 11111,
111011100111101,0011101111οΙ, 001000οέ 001111101οΙ, 011116 pocho-
11101, 10001101 0 0111000 10110 111 1111110106 1111110101, 11οἐ10 0 10010111
10110 1101100100 0111, 1110110110 00110 ρ1011110111101; 1101101011ρέ-
111011, 10110011, 1151111, 111011 11101111 00110110, (k Ε101.3, 19) zacho-
11101; 0111110ιο 1111011101011 0110110 00011010101. 1101001111 (11111101 116
nejen 01111ορ11 11110οὲ, 011111 1 01111 111101.

1110110 0 1011011101 0110511111 od mladosti 1001000111 111011
01110110 11111 Κ1111111 110 sebe 1101011111 byl 111111110111011110, jez

11111 0 0111011111Ι mne< (Mat. 17, 24). ’10116 1 1101101111 neb 11100110
kase po 1101100101] 0 0111111011 1111101011 bos 1111111101 1 11101111 110
hradu 0011111010 1111111 01111101 Κ1111011, 101110111111111011 jeho
1111111110 11110 10 1101101011. 1101101 111101 11010110, 1110100 pro za-
01101101 1151011 00511, 01 11011001 1 11011 k 010111 10110 001110
1101101111. 51110 00111 vespod jako 1001011 01111 110101, 51101111 11011
1011 11111011111; 1111111 10101110 111011 11011001 11111101. 5111110110-
11101 1101111011 00 0111101111111 111011, Casto 1111110 1111111111 001110·
11016 (1111110100 bohu 0011101111οΙ. Α 1101111 0111111 1111101110 10 mu -’
10110 11011011 1001110111111011011 11111 101101001010, 10 1101111 0010101
101010 0111101 1111111 pil, potom 10101 11110 1111110111 10 10 10101111
pospl'chal do 01111100, 0 11101111011011 11οὲ10 neb duchovniho tam ·
1101011, 001111101111101, 111011 1110 1110111, 0111 1101, 011101 11011 110111
jeho 100101 jej 111101, 011110 01110 1110 1011010111 1111 1111000100
10 01011111, 0111 1111011 10 11010111 11001 1111011001 1011011111 100 odpustil.

Ve 1101111011 11011011 11111011 11011111, 10 1101111110 dne 0111111100,
10110100110110101051111101100011, 111011 00111101. Νο110110101011 10
110110 00101110 00 116 pole 1101111οΙ 11110101 sluhou (o 01011
[10111111 0111111101 0 00 11111101 11110111 obou 1001000111 1111011
1111110 1111110110), 11100101 11011001 0 00 1101101 1101110 0010100011

110101100511, 1101001 00101100 1010101 ji 101010100111111 1101110110

 

