’ 11011011031111111110. 187

111101111110110111311101101311010111111111, aby vyplnil‚ 00 11111111 3111111
111οῑ »1111111011 11011310; 11 0111Ιο11111 Νο11011131011011, 111011
proti 3101611111111 11111111111111110131011, 011011 111011 1101111111 sou·
hlasem 3101130 1110311111110111011116110 11011111, 11111110 1111111 duchy
v 1113111101 1111110110 bidae 0 1031011016 31111111οὲ10 0 1100 30 ne·
objevila. 1)11111111111011 a bidui 1113101101 do smrti. 1111 010111011
1111101100 10110 1131 0 3111111011οθ zuby 10111011; 0011111011 rod 1011011,
abych tak 10111, 1111101011 3110101011. 111111-11111111011011,1101110111
311110 1101111011 1111101110 1103111110,

Telo 31016110 1111011110 011110111οΙ0 1 01111111 31011011 Kosmy
a Damiana 11001101110 1111010; 1101011 010 11010110 1031 1111101111
311101111111111 1101111, 0111161101 31111111 11011110 1111310, kde byl po·
0110111, 1110111311 do 0111111111 31. Vita 1111011110, 1110111 1 111ον1111

’ 1110111 0101311611 1111111111 11011111 od 1111101111 111111310111001110-

sami 0111101111111101101111 ozdobil. Ve 01111111 101110, 111111 ho
3101111, 11100111ῑο10 30 kdys 11310111 11111011 ialmisty: »tento jest
01101110111111 1011111 11111111 A to ke 0111110 0 311νέ 1116110
316110 ana 11111101 11311111)1 1110103101016110 111110 (10111011111 1111
311113011111 11111, aby 1011 3111100 1031111 011101110 30 1110111111, 10
111111 1101101101οί 11101111 1031111111 111 111110 1130111 0111100161111
101116110 31010311 001111100 11111110111, jak potvrzuje 111311οε »1101610111
1 1101111111 11110111, 11110 110113010110 0 110111 311101011111031, 111111
1031 jemu‹; 01101110111 »111111 1101111110 1031 mira 11110111, 1110-
111ηὲ10 1031111110 milosti.‹

101111101010 11101101101111 01101111, 1110111 130 01111 1111111111
11031013111 0 10110110301110111111 10111111 3111111111 1101111, 01 1101111,
30 110101 diviti. Ι vyslal lidi 01110111001310111110 1101131110·
10111, 1011111011-11 111011 11011111111 10111111 31016 111111 do 1016110
11101111 11101011, 10 1011311111, 11101111 to 3111010, 11101111 10 1111110
11031111 budou⁴ Ρ1111110111 11001, 31011 telo vyzdvihli, na 1111 110-
101111 0 01 k 1101111111 1131111111, 1011111 1111101031110111111100, 111110111.
Α 011110 voda 1011 11103110, 10 111011101111111110111 101011110 110011111
louky; i nebylo 11011110 1111, 111011 3101611110 1111111011, 1111103111.
V 1610 111110311101101110 1111 10 3111101111 11103111 31016110 11101010,
10111 111011 1111 1110110310 30 11011110 1110101011 316 101111111 11111;
ifekli: »31011 1111011111, 3101100 3011101101 111311 110310011101111
rozkazu 116110 111111 11101111 1103111 110101116110 111010 11111111 13110(
Ζ1101011 1101130101111011111111111110111 most. Kdyi se toto 11110,
0111011111νὲ0 30 1111110 311011111 sebe 0 1111 3111011 1110111110 1111011110
10 16 311011 11010110 stati, 10 11101011 11101111 byli 1110111111.

111110υο01031111101131016110 1111101110 110110 031011110 10110
1011111111 11103011 1 0011110 311100 0111111111, 10 3111101111111 316 1101101611
1011011011 111101 10110011113101101111. 1011011111 1111011011 01111010
3010310103111111 0 1131111111 31011110; 1111 31110 11011, tim 3110 mu·
1011110 30 0311111110, 111111110111131011111 111010101111 1101110 hylo,

 

